Start GPS, Stop GPS
1256655676 1256655806
1256655816 1256655946
1256655956 1256656086
1256656096 1256656226
1256656236 1256656366
1256656376 1256656506
1256656516 1256656646
1256656656 1256656786
1256656906 1256657036
1256657046 1256657176
1256657186 1256657316
1256657326 1256657456
1256657506 1256657636
1256663968 1256664098
1256664108 1256664238
1256664248 1256664378
1256664388 1256664518
1256664528 1256664658
1256664668 1256664798
1256664808 1256664938
1256664948 1256665078
1256665098 1256665228
1256665238 1256665368
1256665378 1256665508
1256665518 1256665648
1256665658 1256665788
1256665798 1256665928
1256665938 1256666068
1256666078 1256666208
1256666218 1256666348
1256666358 1256666488
1256666498 1256666628
1256666638 1256666768
1256666778 1256666908
1256666918 1256667048
1256667058 1256667188
1256667198 1256667328
1256667338 1256667468
1256667579 1256667709
1256667719 1256667849
1256667859 1256667989
1256667999 1256668129
1256668139 1256668269
1256668279 1256668409
1256668419 1256668549
1256668559 1256668689
1256668699 1256668829
1256668839 1256668969
1256668979 1256669109
1256669194 1256669324
1256669334 1256669464
1256669474 1256669604
1256669614 1256669744
1256669754 1256669884
1256669894 1256670024
1256670034 1256670164
1256670174 1256670304
1256670314 1256670444
1256670454 1256670584
1256670594 1256670724
1256670734 1256670864
1256670874 1256671004
1256671014 1256671144
1256671154 1256671284
1256671294 1256671424
1256671434 1256671564
1256671574 1256671704
1256671714 1256671844
1256671854 1256671984
1256671994 1256672124
1256672134 1256672264
1256672274 1256672404
1256672414 1256672544
1256672554 1256672684
1256672694 1256672824
1256672834 1256672964
1256672974 1256673104
1256673701 1256673831
1256673841 1256673971
1256673981 1256674111
1256674121 1256674251
1256674261 1256674391
1256674401 1256674531
1256674541 1256674671
1256674681 1256674811
1256674821 1256674951
1256674961 1256675091
1256675101 1256675231
1256675241 1256675371
1256675381 1256675511
1256675521 1256675651
1256675661 1256675791
1256675801 1256675931
1256675941 1256676071
1256676081 1256676211
1256676221 1256676351
1256676361 1256676491
1256676501 1256676631
1256676641 1256676771
1256676781 1256676911
1256676921 1256677051
1256677061 1256677191
1256677201 1256677331
1256677386 1256677516
1256677526 1256677656
1256677666 1256677796
1256677806 1256677936
1256677946 1256678076
1256678086 1256678216
1256678226 1256678356
1256678366 1256678496
1256678506 1256678636
1256678646 1256678776
1256678786 1256678916
1256678926 1256679056
1256679066 1256679196
1256679206 1256679336
1256679346 1256679476
1256679486 1256679616
1256679626 1256679756
1256679766 1256679896
1256679906 1256680036
1256680046 1256680176
1256680186 1256680316
1256680326 1256680456
1256680466 1256680596
1256680606 1256680736
1256680746 1256680876
1256680886 1256681016
1256681026 1256681156
1256681166 1256681296
1256681306 1256681436
1256681482 1256681612
1256681622 1256681752
1256681762 1256681892
1256681902 1256682032
1256682042 1256682172
1256682182 1256682312
1256682322 1256682452
1256682462 1256682592
1256682602 1256682732
1256682742 1256682872
1256682882 1256683012
1256683022 1256683152
1256683162 1256683292
1256683302 1256683432
1256683442 1256683572
1256683582 1256683712
1256683722 1256683852
1256683862 1256683992
1256684002 1256684132
1256684142 1256684272
1256684282 1256684412
1256684422 1256684552
1256684562 1256684692
1256684702 1256684832
1256684842 1256684972
1256684982 1256685112
1256685122 1256685252
1256685262 1256685392
1256685402 1256685532
1256685578 1256685708
1256685718 1256685848
1256685858 1256685988
1256685998 1256686128
1256686138 1256686268
1256686278 1256686408
1256686418 1256686548
1256686558 1256686688
1256686698 1256686828
1256686838 1256686968
1256686978 1256687108
1256687118 1256687248
1256687258 1256687388
1256687398 1256687528
1256687538 1256687668
1256687678 1256687808
1256687818 1256687948
1256687958 1256688088
1256688098 1256688228
1256688238 1256688368
1256688378 1256688508
1256688518 1256688648
1256688658 1256688788
1256688798 1256688928
1256688938 1256689068
1256689078 1256689208
1256689218 1256689348
1256689358 1256689488
1256689498 1256689628
1256689674 1256689804
1256689814 1256689944
1256690079 1256690209
1256690219 1256690349
1256690359 1256690489
1256690499 1256690629
1256690639 1256690769
1256690779 1256690909
1256690919 1256691049
1256691059 1256691189
1256691199 1256691329
1256691339 1256691469
1256691479 1256691609
1256691619 1256691749
1256691759 1256691889
1256691899 1256692029
1256692039 1256692169
1256692179 1256692309
1256692319 1256692449
1256692459 1256692589
1256692599 1256692729
1256692739 1256692869
1256692879 1256693009
1256693019 1256693149
1256693159 1256693289
1256693299 1256693429
1256693439 1256693569
1256693579 1256693709
1256693770 1256693900
1256693910 1256694040
1256694050 1256694180
1256694190 1256694320
1256694330 1256694460
1256694470 1256694600
1256694610 1256694740
1256694750 1256694880
1256694890 1256695020
1256695030 1256695160
1256695170 1256695300
1256695310 1256695440
1256695450 1256695580
1256695590 1256695720
1256695730 1256695860
1256695870 1256696000
1256696010 1256696140
1256696150 1256696280
1256696290 1256696420
1256696430 1256696560
1256696570 1256696700
1256696710 1256696840
1256696850 1256696980
1256696990 1256697120
1256697130 1256697260
1256697270 1256697400
1256697410 1256697540
1256697550 1256697680
1256697690 1256697820
1256697866 1256697996
1256698006 1256698136
1256698146 1256698276
1256698286 1256698416
1256698426 1256698556
1256698566 1256698696
1256698706 1256698836
1256698846 1256698976
1256698986 1256699116
1256699126 1256699256
1256699266 1256699396
1256699406 1256699536
1256699546 1256699676
1256699686 1256699816
1256699826 1256699956
1256699966 1256700096
1256700106 1256700236
1256700246 1256700376
1256700386 1256700516
1256700526 1256700656
1256700666 1256700796
1256700806 1256700936
1256700946 1256701076
1256701086 1256701216
1256701226 1256701356
1256701366 1256701496
1256701506 1256701636
1256701646 1256701776
1256701786 1256701916
1256701962 1256702092
1256702102 1256702232
1256702242 1256702372
1256702382 1256702512
1256702522 1256702652
1256702662 1256702792
1256702802 1256702932
1256702942 1256703072
1256703082 1256703212
1256703222 1256703352
1256703362 1256703492
1256703502 1256703632
1256703642 1256703772
1256703782 1256703912
1256703922 1256704052
1256704062 1256704192
1256704202 1256704332
1256704342 1256704472
1256704482 1256704612
1256704622 1256704752
1256704762 1256704892
1256704902 1256705032
1256705042 1256705172
1256705182 1256705312
1256705322 1256705452
1256705462 1256705592
1256705602 1256705732
1256705742 1256705872
1256705882 1256706012
1256706058 1256706188
1256706198 1256706328
1256706338 1256706468
1256706478 1256706608
1256706618 1256706748
1256706758 1256706888
1256706898 1256707028
1256707038 1256707168
1256707178 1256707308
1256707318 1256707448
1256707458 1256707588
1256707598 1256707728
1256707738 1256707868
1256707878 1256708008
1256708018 1256708148
1256708158 1256708288
1256708298 1256708428
1256708438 1256708568
1256708578 1256708708
1256708718 1256708848
1256708858 1256708988
1256708998 1256709128
1256709138 1256709268
1256709278 1256709408
1256709418 1256709548
1256709558 1256709688
1256709698 1256709828
1256709838 1256709968
1256709978 1256710108
1256710408 1256710538
1256710548 1256710678
1256710688 1256710818
1256710828 1256710958
1256710968 1256711098
1256711108 1256711238
1256711248 1256711378
1256711388 1256711518
1256711528 1256711658
1256711668 1256711798
1256711808 1256711938
1256711948 1256712078
1256712088 1256712218
1256712228 1256712358
1256712368 1256712498
1256712508 1256712638
1256712648 1256712778
1256712788 1256712918
1256712928 1256713058
1256713068 1256713198
1256713208 1256713338
1256713348 1256713478
1256713488 1256713618
1256713628 1256713758
1256713768 1256713898
1256713908 1256714038
1256714048 1256714178
1256714250 1256714380
1256714390 1256714520
1256714530 1256714660
1256714670 1256714800
1256714810 1256714940
1256714950 1256715080
1256715090 1256715220
1256715230 1256715360
1256715370 1256715500
1256715510 1256715640
1256715650 1256715780
1256715790 1256715920
1256715930 1256716060
1256716070 1256716200
1256716210 1256716340
1256716350 1256716480
1256716490 1256716620
1256716630 1256716760
1256716770 1256716900
1256716910 1256717040
1256717050 1256717180
1256717190 1256717320
1256717330 1256717460
1256717470 1256717600
1256717610 1256717740
1256717750 1256717880
1256717890 1256718020
1256718030 1256718160
1256718170 1256718300
1256718346 1256718476
1256718486 1256718616
1256718626 1256718756
1256718766 1256718896
1256718906 1256719036
1256719046 1256719176
1256719186 1256719316
1256719326 1256719456
1256719466 1256719596
1256719606 1256719736
1256719746 1256719876
1256719886 1256720016
1256720026 1256720156
1256720166 1256720296
1256720306 1256720436
1256720446 1256720576
1256720586 1256720716
1256720726 1256720856
1256720866 1256720996
1256721006 1256721136
1256721146 1256721276
1256721286 1256721416
1256721426 1256721556
1256721566 1256721696
1256721706 1256721836
1256721846 1256721976
1256721986 1256722116
1256722126 1256722256
1256722266 1256722396
1256722442 1256722572
1256722582 1256722712
1256722722 1256722852
1256722862 1256722992
1256723002 1256723132
1256723142 1256723272
1256723282 1256723412
1256723422 1256723552
1256723562 1256723692
1256723702 1256723832
1256723842 1256723972
1256723982 1256724112
1256724122 1256724252
1256724262 1256724392
1256724402 1256724532
1256724542 1256724672
1256724682 1256724812
1256724822 1256724952
1256724962 1256725092
1256725102 1256725232
1256725242 1256725372
1256725382 1256725512
1256725522 1256725652
1256725662 1256725792
1256725802 1256725932
1256725942 1256726072
1256726082 1256726212
1256726222 1256726352
1256726362 1256726492
1256726538 1256726668
1256726678 1256726808
1256726818 1256726948
1256726958 1256727088
1256727098 1256727228
1256727238 1256727368
1256727378 1256727508
1256727518 1256727648
1256727658 1256727788
1256727798 1256727928
1256727938 1256728068
1256728078 1256728208
1256728218 1256728348
1256728358 1256728488
1256728498 1256728628
1256728638 1256728768
1256728778 1256728908
1256728918 1256729048
1256729058 1256729188
1256729198 1256729328
1256729338 1256729468
1256729478 1256729608
1256729618 1256729748
1256729758 1256729888
1256729898 1256730028
1256730038 1256730168
1256730178 1256730308
1256730318 1256730448
1256730458 1256730588
1256730634 1256730764
1256730774 1256730904
1256730914 1256731044
1256731054 1256731184
1256731194 1256731324
1256731334 1256731464
1256731474 1256731604
1256731614 1256731744
1256731754 1256731884
1256731894 1256732024
1256732034 1256732164
1256732174 1256732304
1256732314 1256732444
1256732454 1256732584
1256732594 1256732724
1256732734 1256732864
1256732874 1256733004
1256733014 1256733144
1256733154 1256733284
1256733294 1256733424
1256733434 1256733564
1256733574 1256733704
1256733714 1256733844
1256733854 1256733984
1256733994 1256734124
1256734134 1256734264
1256734274 1256734404
1256734414 1256734544
1256734554 1256734684
1256734730 1256734860
1256734870 1256735000
1256735010 1256735140
1256735150 1256735280
1256735290 1256735420
1256735430 1256735560
1256735570 1256735700
1256735710 1256735840
1256735850 1256735980
1256735990 1256736120
1256736130 1256736260
1256736270 1256736400
1256736410 1256736540
1256736550 1256736680
1256736690 1256736820
1256736830 1256736960
1256736970 1256737100
1256737110 1256737240
1256737250 1256737380
1256737390 1256737520
1256737530 1256737660
1256737670 1256737800
1256737810 1256737940
1256737950 1256738080
1256738090 1256738220
1256738230 1256738360
1256738370 1256738500
1256738510 1256738640
1256738650 1256738780
1256738826 1256738956
1256738966 1256739096
1256739106 1256739236
1256739246 1256739376
1256739386 1256739516
1256739526 1256739656
1256739666 1256739796
1256739806 1256739936
1256739946 1256740076
1256740086 1256740216
1256740226 1256740356
1256740366 1256740496
1256740506 1256740636
1256740646 1256740776
1256740786 1256740916
1256740926 1256741056
1256741066 1256741196
1256741206 1256741336
1256741346 1256741476
1256741486 1256741616
1256741626 1256741756
1256741766 1256741896
1256741906 1256742036
1256742046 1256742176
1256742186 1256742316
1256742326 1256742456
1256742466 1256742596
1256742606 1256742736
1256742746 1256742876
1256742922 1256743052
1256743062 1256743192
1256743202 1256743332
1256743342 1256743472
1256743482 1256743612
1256743622 1256743752
1256743762 1256743892
1256743902 1256744032
1256744042 1256744172
1256744182 1256744312
1256744322 1256744452
1256744462 1256744592
1256744602 1256744732
1256744858 1256744988
1256745102 1256745232
1256745242 1256745372
1256745382 1256745512
1256745522 1256745652
1256745662 1256745792
1256745802 1256745932
1256745942 1256746072
1256746082 1256746212
1256746222 1256746352
1256746362 1256746492
1256746502 1256746632
1256746642 1256746772
1256746782 1256746912
1256747018 1256747148
1256747158 1256747288
1256747298 1256747428
1256747438 1256747568
1256747578 1256747708
1256747718 1256747848
1256747858 1256747988
1256747998 1256748128
1256748138 1256748268
1256748278 1256748408
1256748418 1256748548
1256748558 1256748688
1256748698 1256748828
1256748838 1256748968
1256748978 1256749108
1256749118 1256749248
1256749258 1256749388
1256749398 1256749528
1256749538 1256749668
1256749678 1256749808
1256749818 1256749948
1256749958 1256750088
1256750098 1256750228
1256750238 1256750368
1256750378 1256750508
1256750518 1256750648
1256750658 1256750788
1256750798 1256750928
1256750938 1256751068
1256751114 1256751244
1256751254 1256751384
1256751394 1256751524
1256751534 1256751664
1256751674 1256751804
1256751814 1256751944
1256751954 1256752084
1256752135 1256752265
1256752275 1256752405
1256752415 1256752545
1256752555 1256752685
1256752695 1256752825
1256752835 1256752965
1256752975 1256753105
1256753115 1256753245
1256753255 1256753385
1256753395 1256753525
1256753535 1256753665
1256753745 1256753875
1256754017 1256754147
1256754157 1256754287
1256754297 1256754427
1256754437 1256754567
1256754577 1256754707
1256754717 1256754847
1256754857 1256754987
1256754997 1256755127
1256755210 1256755340
1256755350 1256755480
1256755490 1256755620
1256755630 1256755760
1256755770 1256755900
1256755910 1256756040
1256756050 1256756180
1256756190 1256756320
1256756330 1256756460
1256756470 1256756600
1256766721 1256766851
1256766861 1256766991
1256767001 1256767131
1256767141 1256767271
1256767281 1256767411
1256767498 1256767628
1256767638 1256767768
1256767778 1256767908
1256767918 1256768048
1256768058 1256768188
1256768198 1256768328
1256768338 1256768468
1256768478 1256768608
1256768618 1256768748
1256768758 1256768888
1256768898 1256769028
1256769038 1256769168
1256769178 1256769308
1256769318 1256769448
1256769458 1256769588
1256769598 1256769728
1256769738 1256769868
1256769878 1256770008
1256770018 1256770148
1256770158 1256770288
1256770298 1256770428
1256770438 1256770568
1256770578 1256770708
1256770718 1256770848
1256770858 1256770988
1256770998 1256771128
1256771138 1256771268
1256771278 1256771408
1256771418 1256771548
1256771594 1256771724
1256771734 1256771864
1256771874 1256772004
1256772014 1256772144
1256772154 1256772284
1256772294 1256772424
1256772434 1256772564
1256772574 1256772704
1256775378 1256775508
1256775518 1256775648
1256775690 1256775820
1256775830 1256775960
1256775970 1256776100
1256776110 1256776240
1256776250 1256776380
1256776390 1256776520
1256776530 1256776660
1256776670 1256776800
1256776810 1256776940
1256776950 1256777080
1256777090 1256777220
1256777230 1256777360
1256777370 1256777500
1256777510 1256777640
1256777650 1256777780
1256777790 1256777920
1256777930 1256778060
1256778070 1256778200
1256778210 1256778340
1256778350 1256778480
1256778490 1256778620
1256778630 1256778760
1256778770 1256778900
1256778910 1256779040
1256779050 1256779180
1256779190 1256779320
1256779330 1256779460
1256779470 1256779600
1256779610 1256779740
1256779786 1256779916
1256779926 1256780056
1256780066 1256780196
1256780206 1256780336
1256780346 1256780476
1256780486 1256780616
1256780626 1256780756
1256780766 1256780896
1256780906 1256781036
1256781046 1256781176
1256781186 1256781316
1256781326 1256781456
1256781466 1256781596
1256781606 1256781736
1256781746 1256781876
1256781886 1256782016
1256782026 1256782156
1256782166 1256782296
1256782306 1256782436
1256782446 1256782576
1256782586 1256782716
1256782726 1256782856
1256782866 1256782996
1256783006 1256783136
1256783146 1256783276
1256783286 1256783416
1256783426 1256783556
1256783566 1256783696
1256783706 1256783836
1256783882 1256784012
1256784022 1256784152
1256784162 1256784292
1256784302 1256784432
1256784442 1256784572
1256784582 1256784712
1256784722 1256784852
1256784862 1256784992
1256785002 1256785132
1256785142 1256785272
1256785282 1256785412
1256785422 1256785552
1256785562 1256785692
1256785702 1256785832
1256785842 1256785972
1256785982 1256786112
1256786122 1256786252
1256786262 1256786392
1256786402 1256786532
1256786542 1256786672
1256786682 1256786812
1256786822 1256786952
1256786962 1256787092
1256787102 1256787232
1256787242 1256787372
1256787382 1256787512
1256787522 1256787652
1256787662 1256787792
1256787802 1256787932
1256787978 1256788108
1256788118 1256788248
1256788258 1256788388
1256788398 1256788528
1256788538 1256788668
1256788678 1256788808
1256788818 1256788948
1256788958 1256789088
1256789098 1256789228
1256789238 1256789368
1256789378 1256789508
1256789518 1256789648
1256789658 1256789788
1256789798 1256789928
1256789938 1256790068
1256790078 1256790208
1256790218 1256790348
1256790358 1256790488
1256790498 1256790628
1256790638 1256790768
1256790778 1256790908
1256790918 1256791048
1256791058 1256791188
1256791198 1256791328
1256791338 1256791468
1256791478 1256791608
1256791618 1256791748
1256791758 1256791888
1256791898 1256792028
1256792074 1256792204
1256792214 1256792344
1256792354 1256792484
1256792494 1256792624
1256792634 1256792764
1256792774 1256792904
1256792914 1256793044
1256793054 1256793184
1256793194 1256793324
1256793334 1256793464
1256793474 1256793604
1256793614 1256793744
1256793754 1256793884
1256793894 1256794024
1256794034 1256794164
1256794174 1256794304
1256794314 1256794444
1256794454 1256794584
1256794594 1256794724
1256794734 1256794864
1256794874 1256795004
1256795014 1256795144
1256795154 1256795284
1256795294 1256795424
1256795434 1256795564
1256795574 1256795704
1256795714 1256795844
1256795854 1256795984
1256795994 1256796124
1256796170 1256796300
1256796310 1256796440
1256796450 1256796580
1256796590 1256796720
1256796730 1256796860
1256796870 1256797000
1256797010 1256797140
1256797150 1256797280
1256797290 1256797420
1256797430 1256797560
1256797570 1256797700
1256797710 1256797840
1256797850 1256797980
1256797990 1256798120
1256798130 1256798260
1256798270 1256798400
1256798410 1256798540
1256798550 1256798680
1256798690 1256798820
1256809211 1256809341
1256809351 1256809481
1256809491 1256809621
1256809631 1256809761
1256809771 1256809901
1256809911 1256810041
1256810051 1256810181
1256810191 1256810321
1256810331 1256810461
1256810471 1256810601
1256810611 1256810741
1256810751 1256810881
1256810891 1256811021
1256811031 1256811161
1256811171 1256811301
1256811311 1256811441
1256811451 1256811581
1256811591 1256811721
1256811731 1256811861
1256811871 1256812001
1256812011 1256812141
1256812151 1256812281
1256812291 1256812421
1256812554 1256812684
1256812694 1256812824
1256812834 1256812964
1256812974 1256813104
1256813114 1256813244
1256813254 1256813384
1256813394 1256813524
1256813534 1256813664
1256813674 1256813804
1256813814 1256813944
1256813954 1256814084
1256814094 1256814224
1256814234 1256814364
1256814374 1256814504
1256814514 1256814644
1256814654 1256814784
1256814794 1256814924
1256814934 1256815064
1256815074 1256815204
1256815214 1256815344
1256815354 1256815484
1256815494 1256815624
1256815634 1256815764
1256815774 1256815904
1256815914 1256816044
1256816054 1256816184
1256816194 1256816324
1256816334 1256816464
1256816474 1256816604
1256816650 1256816780
1256816790 1256816920
1256816930 1256817060
1256817070 1256817200
1256817210 1256817340
1256817350 1256817480
1256817490 1256817620
1256817630 1256817760
1256817770 1256817900
1256817910 1256818040
1256818050 1256818180
1256818190 1256818320
1256818330 1256818460
1256818470 1256818600
1256818610 1256818740
1256818750 1256818880
1256818890 1256819020
1256819030 1256819160
1256819170 1256819300
1256819310 1256819440
1256819450 1256819580
1256819590 1256819720
1256819730 1256819860
1256819870 1256820000
1256820010 1256820140
1256820150 1256820280
1256820290 1256820420
1256820430 1256820560
1256820570 1256820700
1256820746 1256820876
1256820886 1256821016
1256827749 1256827879
1256827889 1256828019
1256828029 1256828159
1256828169 1256828299
1256828309 1256828439
1256828449 1256828579
1256828589 1256828719
1256828729 1256828859
1256828938 1256829068
1256829078 1256829208
1256829218 1256829348
1256829358 1256829488
1256829498 1256829628
1256829638 1256829768
1256829778 1256829908
1256829918 1256830048
1256830058 1256830188
1256830198 1256830328
1256830338 1256830468
1256830478 1256830608
1256830618 1256830748
1256830758 1256830888
1256830898 1256831028
1256831038 1256831168
1256831178 1256831308
1256831318 1256831448
1256831458 1256831588
1256831598 1256831728
1256831738 1256831868
1256831878 1256832008
1256832018 1256832148
1256832158 1256832288
1256832298 1256832428
1256832438 1256832568
1256832578 1256832708
1256832718 1256832848
1256832858 1256832988
1256833034 1256833164
1256833174 1256833304
1256833314 1256833444
1256833454 1256833584
1256833594 1256833724
1256833734 1256833864
1256833874 1256834004
1256834014 1256834144
1256834154 1256834284
1256834294 1256834424
1256834434 1256834564
1256834574 1256834704
1256834714 1256834844
1256834854 1256834984
1256834994 1256835124
1256835134 1256835264
1256835274 1256835404
1256835414 1256835544
1256835554 1256835684
1256838103 1256838233
1256838379 1256838509
1256838519 1256838649
1256838659 1256838789
1256874568 1256874698
1256874708 1256874838
1256874848 1256874978
1256874988 1256875118
1256875128 1256875258
1256875268 1256875398
1256875408 1256875538
1256875548 1256875678
1256875688 1256875818
1256875828 1256875958
1256875968 1256876098
1256876108 1256876238
1256876248 1256876378
1256876388 1256876518
1256876528 1256876658
1256876668 1256876798
1256876808 1256876938
1256876948 1256877078
1256877088 1256877218
1256877228 1256877358
1256877368 1256877498
1256877508 1256877638
1256877648 1256877778
1256877788 1256877918
1256877928 1256878058
1256878090 1256878220
1256878230 1256878360
1256878370 1256878500
1256878510 1256878640
1256878650 1256878780
1256878790 1256878920
1256878930 1256879060
1256879070 1256879200
1256879210 1256879340
1256879350 1256879480
1256879490 1256879620
1256879630 1256879760
1256879770 1256879900
1256879910 1256880040
1256880050 1256880180
1256880190 1256880320
1256880330 1256880460
1256880470 1256880600
1256880610 1256880740
1256880750 1256880880
1256880890 1256881020
1256881030 1256881160
1256881170 1256881300
1256881310 1256881440
1256881450 1256881580
1256881590 1256881720
1256881730 1256881860
1256881870 1256882000
1256882010 1256882140
1256882186 1256882316
1256882326 1256882456
1256882466 1256882596
1256882606 1256882736
1256882746 1256882876
1256882886 1256883016
1256883026 1256883156
1256883166 1256883296
1256883306 1256883436
1256883446 1256883576
1256883586 1256883716
1256883726 1256883856
1256883866 1256883996
1256884006 1256884136
1256884146 1256884276
1256884286 1256884416
1256884426 1256884556
1256884566 1256884696
1256884706 1256884836
1256884846 1256884976
1256884986 1256885116
1256885126 1256885256
1256885266 1256885396
1256885406 1256885536
1256885546 1256885676
1256885686 1256885816
1256885826 1256885956
1256885966 1256886096
1256886106 1256886236
1256886282 1256886412
1256886422 1256886552
1256886562 1256886692
1256886702 1256886832
1256886842 1256886972
1256886982 1256887112
1256887122 1256887252
1256887262 1256887392
1256887402 1256887532
1256887542 1256887672
1256887682 1256887812
1256887822 1256887952
1256887962 1256888092
1256888102 1256888232
1256888242 1256888372
1256888382 1256888512
1256888522 1256888652
1256888662 1256888792
1256888802 1256888932
1256888942 1256889072
1256889082 1256889212
1256889222 1256889352
1256889362 1256889492
1256889502 1256889632
1256889642 1256889772
1256889782 1256889912
1256889922 1256890052
1256890062 1256890192
1256890202 1256890332
1256890378 1256890508
1256890518 1256890648
1256890658 1256890788
1256890798 1256890928
1256891022 1256891152
1256891162 1256891292
1256891302 1256891432
1256891442 1256891572
1256891582 1256891712
1256891722 1256891852
1256891862 1256891992
1256892002 1256892132
1256892142 1256892272
1256892282 1256892412
1256892422 1256892552
1256892562 1256892692
1256892702 1256892832
1256892842 1256892972
1256892982 1256893112
1256893122 1256893252
1256893262 1256893392
1256893402 1256893532
1256893542 1256893672
1256893682 1256893812
1256893822 1256893952
1256893962 1256894092
1256894102 1256894232
1256894242 1256894372
1256894474 1256894604
1256894614 1256894744
1256894754 1256894884
1256894894 1256895024
1256895034 1256895164
1256895174 1256895304
1256895314 1256895444
1256895454 1256895584
1256895594 1256895724
1256895734 1256895864
1256895874 1256896004
1256896014 1256896144
1256896154 1256896284
1256896294 1256896424
1256896434 1256896564
1256896574 1256896704
1256896714 1256896844
1256896854 1256896984
1256896994 1256897124
1256897134 1256897264
1256897274 1256897404
1256897414 1256897544
1256897554 1256897684
1256897694 1256897824
1256897834 1256897964
1256897974 1256898104
1256898114 1256898244
1256898254 1256898384
1256898394 1256898524
1256898570 1256898700
1256898710 1256898840
1256898850 1256898980
1256898990 1256899120
1256899130 1256899260
1256899270 1256899400
1256899410 1256899540
1256899550 1256899680
1256899690 1256899820
1256899830 1256899960
1256899970 1256900100
1256900110 1256900240
1256900250 1256900380
1256900390 1256900520
1256900530 1256900660
1256900670 1256900800
1256900810 1256900940
1256900950 1256901080
1256901090 1256901220
1256901230 1256901360
1256901370 1256901500
1256901510 1256901640
1256901650 1256901780
1256901790 1256901920
1256901930 1256902060
1256902070 1256902200
1256902210 1256902340
1256902350 1256902480
1256902490 1256902620
